image: scenario_test.pgm
resolution: 0.010000
origin: [-16.000000, -16.000000, 0.000000]
negate: 0
occupied_thresh: 0.65
free_thresh: 0.196
